PUMP.0=85
PUMP.1=75
PUMP.2=65
PUMP.3=55
PUMP.4=45
PUMP.5=35
HEAT.0=30.000000
ABSRANGEMIN.0=0.000000
ABSRANGEMAX.0=0.000000
ABSRANGEMIN.1=0.000000
ABSRANGEMAX.1=0.000000
